x_axis=[10, 20, 30, 40, 50, 60, 70, 80, 90, 100, 110, 120, 130, 140, 150, 160, 170, 180, 190, 200, 210, 220, 230, 240, 250, 260, 270, 280, 290, 300, 310, 320, 330, 340, 350, 360, 370, 380, 390, 400, 410, 420, 430, 440, 450]

ACE_loss=[0.13203, 0.0518443, 0.0373443, 0.0287096, 0.0229515, 0.0180216, 0.014642, 0.0121259, 0.0104428, 0.00925074, 0.00829975, 0.007379, 0.00654603, 0.00585197, 0.00526291, 0.00471692, 0.00428678, 0.00402006, 0.00380802, 0.00362949, 0.00348574, 0.00337224, 0.00327594, 0.00318628, 0.00309656, 0.00300386, 0.002918, 0.00283153, 0.00273186, 0.00263788, 0.0025192, 0.00240318, 0.002284, 0.00216441, 0.00203645, 0.00190925, 0.00178066, 0.00166254, 0.00155779, 0.00145655, 0.00133126, 0.00122383, 0.00114583, 0.00108763, 0.00104727]

loss=[0.102127, 0.060423, 0.0397786, 0.032694, 0.0256563, 0.0196332, 0.0150592, 0.0124586, 0.0106226, 0.00905151, 0.00779522, 0.006649, 0.00562255, 0.00472965, 0.00402863, 0.00348846, 0.00309285, 0.00279684, 0.00252005, 0.00225035, 0.00200137, 0.00179351, 0.00160537, 0.00143398, 0.00128152, 0.00114327, 0.00102102, 0.000916448, 0.000824641, 0.000742866, 0.000675294, 0.000612492, 0.000547459, 0.0004983, 0.00046165, 0.000430733, 0.000406023, 0.000386077, 0.00037011, 0.0003565, 0.00034554, 0.0003355, 0.000326441, 0.000317556, 0.000310321]

